738695369326250312213967775520 1266080929724393716323291138657
697255055824039858128820004211 730332445252729177558546455681
66164160967319708554998980642 669714199441150015396763681093
163645919779319791185783365114 1235506716775138314214195797326
1007352579363975542750518386428 756932238085065989254139583767
1124028714794848642148458229217 470983586347662987486596529551
950913324934217170744531659801 430596990264392913276244391800
145073220352089787121383115980 62688974313228513006972126159
1164367793383888132853263481703 1093078096602762296871128172858
791704040721010541655275603196 954405236416393389622525969829
712649163349892687070935485486 285912186001143513633432472817
1136821800880287691332787975110 461022244782282932849934541473
687981744862401878732488708675 1060948794760589373536213064804
107044328898761437209359428873 1173630432953611076264739328247
920758515669031724159101522879 445484968971190785758685972159
1008321204304668330177689068333 544382872789446620884028076489
343800958146754478715657802615 1027642960975507606380733471264
1079739795263434664061119915413 919568521711008052804484644857
252033985430441229742219995616 356532941293439336838172947259
607920218504650549160770750657 861856877034880209790454947576
681207907629596186408585087966 193558593615783328570430377572
411583260542783016119449799896 446714556974892999039995467194
431019538068936888528969754829 510483870514490864571204540656
487805667413428574220788195979 797866633835601254279052134760
371647621394806239323893009312 974965681851173708339083993333
170201038463291575140906381068 736940208120865948141922009884
496271152242030775333040288685 1199199298858841020467306471781
767946952222830602930811902905 823325535955797500744818448432
521866715361631873827101660094 484523525124097683206258654791
1186051761095096394145291832589 352437192934600997527200326098
299622110688710260671329252465 885223672519087991880625161412
1123303017805985500455400422625 831529639133349370021908428465
264590047952578175005655158582 1053218076422887597011016026943
413406190490159666803953919028 422283050023007707615443111202
398064068164480074645933793055 847721277090774121331588611882
268507654938811732135884475915 482112012910913174882448016217
739927084839161666813041062529 739706859310426254514148908781
1073255296875213936585517763837 495668110693085606090734475840
210114967595468172111029786292 173343140119984472534343629293
356873562887056121012112362408 603954233525853396525291271998
1080759275128679325248947854980 554343512921074159675883909955
404451428381425792076076373693 670599545378958711805047495030
890686238524666644826276046390 385706552485162344168585468315
167471626698691796849114261403 765442523932309225078939137154
737392429715720449184593117807 1175587034885515647120905705228
15415958271041379265894654624 100838086073750819476841942267
440108206410099086464843832821 938054625287240946774649909193
626292502421816019411128039583 1027674416439535658470708448913
807312060879769479728900457854 777892414801802168943616510438
902671611494287744582905834003 93486815532436299577190360273
645378451908871725250749217782 766192516552209082752039726154
19526665338333173248725229286 1188354421174800070008890927982
919264762746578624568556921773 315394839942401424665147414637
690639915168227298593292394413 1066649296130398877958312759449
834751719875189136404900915669 696166603669873624442665287565
463055083249261073059292673543 553431083681772249750852819733
1157539269422271821934651004467 1161600368454815438113078371485
1052348672759333355039541776034 1236118555657213509962983986230
336645482484527661654802533322 867199609618777913621162207985
427185448108289228846279742746 621551700853718780935025108739
865451364859845416654259374154 1124918178391782865103676520376
285464554225407963299844586308 634472470496407879560695082272
963347132708399867214525828830 843549775686011528005779415140
1215177369802133033869325204545 713208343026207540038480359933
155225333127870821109527515284 927708882153024845430286484765
1042407039427208362621404652177 756093990267182579915411786987
581821587134942994943394610222 904495392636388163389535233911
292059478591566494805107229129 674845557449378330568968617976
187055602842519325382696784691 468724282091559845950106388908
907525982645605971740403547226 465808922612233219384736306106
584095121550369959887201997420 51080098627840328263524343116
714934899237830593057272686827 973339606323922847495306343574
145609563774759430320277803053 386655096885668944792796914562
381725579496953442890819565864 1133677490816023045166884291630
292489534955311907478388760676 24589479025138832602807816241
893489550547937855418288095792 31572741091461094242287786479
175470602427677654134936418798 760927916572841130806941345980
1191342119810028635145063014188 1175634007221129909971158981917
875372368226430232890467426323 1222633867132772511986110943118
83537758434806945796701909942 1194093584978659448376687638969
892211282214675308957236052836 468154507071978612678976299929
927243282335258964880147554195 166852254916743273788682405224
358090144461294309920999995538 79302954989446426496826423157
260051992815543645508665568697 722599558864760563010303100390
418372460066591423046218899027 651876791455903161779547359183
288952456092179048919465252880 357242585470890034451629145371
647002431029580774145211124847 29764116693902334179239337076
139035817373177893619795782524 908358737922273873466837251070
1021936119235533944826954706419 601330611113475739338287449605
30469638860538047095727877259 46871578660011220586973091436
535036742204442214088539896143 753403712497285826480524271439
1254994978944253970657858772839 724126446274494693933056543258
754749407814553560056797426608 254847238276932563565929591336
7143425617269153920809941275 1236237145941677413996236771122
1013629080797968731245070272260 1096520821154388812946913560692
1174017930396457345337333559602 266248118551483658050507462080
916668868235821303886893820359 1051340755360553674602619940406
188781751767939612600290705681 708853075119710821007557412901
452791704883334326084346703269 677117189991287914072981861411
750762849498726149084764715252 205828162153654710674660466469
