0 0.000003
10000 0.603819
20000 2.420546
30000 5.449425
40000 9.672271
50000 15.089448
60000 21.801268
70000 29.857664
80000 38.723042
90000 48.895803
100000 60.536025
110000 104.078395
120000 102.620419
130000 117.599985
140000 133.354802
150000 145.357067
160000 155.843769
170000 175.558314
180000 196.529508
190000 221.462921
200000 246.743075
210000 310.604040
220000 347.668635
230000 358.321719
240000 417.346489
250000 434.646086
260000 413.594710
270000 452.738607
280000 509.796712
290000 545.297245
300000 570.737899
310000 621.270437
320000 660.679424
330000 682.948855
340000 740.053194
350000 807.189818
