0 0.000000
1 0.000001
2 0.000001
3 0.000001
4 0.000001
5 0.000000
6 0.000000
7 0.000000
8 0.000000
9 0.000000
10 0.000000
11 0.000000
12 0.000000
13 0.000000
14 0.000000
15 0.000000
16 0.000000
17 0.000000
18 0.000001
19 0.000001
20 0.000000
21 0.000000
22 0.000000
23 0.000000
24 0.000000
25 0.000000
26 0.000000
27 0.000000
28 0.000001
29 0.000001
30 0.000001
31 0.000000
32 0.000001
33 0.000000
34 0.000001
35 0.000001
36 0.000000
37 0.000000
38 0.000001
39 0.000001
40 0.000000
41 0.000000
42 0.000000
43 0.000000
44 0.000001
45 0.000000
46 0.000001
47 0.000000
48 0.000000
49 0.000000
50 0.000000
51 0.000000
52 0.000000
53 0.000000
54 0.000001
55 0.000000
56 0.000001
57 0.000000
58 0.000001
59 0.000000
60 0.000001
61 0.000000
62 0.000001
63 0.000000
64 0.000000
65 0.000001
66 0.000001
67 0.000000
68 0.000000
69 0.000000
70 0.000001
71 0.000001
72 0.000001
73 0.000001
74 0.000000
75 0.000000
76 0.000000
77 0.000000
78 0.000000
79 0.000001
80 0.000000
81 0.000000
82 0.000001
83 0.000001
84 0.000000
85 0.000001
86 0.000001
87 0.000001
88 0.000000
89 0.000001
90 0.000001
91 0.000002
92 0.000000
93 0.000001
94 0.000000
95 0.000000
96 0.000001
97 0.000000
98 0.000000
99 0.000000
100 0.000000
101 0.000001
102 0.000001
103 0.000000
104 0.000001
105 0.000000
106 0.000001
107 0.000001
108 0.000001
109 0.000001
110 0.000001
111 0.000001
112 0.000001
113 0.000001
114 0.000000
115 0.000000
116 0.000001
117 0.000000
118 0.000000
119 0.000001
120 0.000001
121 0.000001
122 0.000010
123 0.000000
124 0.000000
125 0.000001
126 0.000000
127 0.000002
128 0.000001
129 0.000001
130 0.000000
131 0.000001
132 0.000001
133 0.000000
134 0.000000
135 0.000001
136 0.000001
137 0.000000
138 0.000001
139 0.000001
140 0.000001
141 0.000001
142 0.000000
143 0.000001
144 0.000000
145 0.000001
146 0.000001
147 0.000000
148 0.000000
149 0.000001
150 0.000001
151 0.000000
152 0.000000
153 0.000001
154 0.000000
155 0.000000
156 0.000000
157 0.000000
158 0.000000
159 0.000000
160 0.000000
161 0.000001
162 0.000000
163 0.000000
164 0.000000
165 0.000000
166 0.000000
167 0.000000
168 0.000001
169 0.000001
170 0.000001
171 0.000000
172 0.000001
173 0.000000
174 0.000000
175 0.000000
176 0.000001
177 0.000001
178 0.000001
179 0.000001
180 0.000000
181 0.000000
182 0.000001
