0 0.000002
100 0.000076
200 0.000328
300 0.000607
400 0.001532
500 0.001586
600 0.002307
700 0.003109
800 0.003894
900 0.005395
1000 0.006542
1100 0.007085
1200 0.009475
1300 0.010495
1400 0.012638
1500 0.014184
1600 0.015695
1700 0.017665
1800 0.019223
1900 0.023211
2000 0.024550
2100 0.027109
2200 0.029447
2300 0.033483
2400 0.036591
2500 0.039216
2600 0.044475
2700 0.046483
2800 0.049694
2900 0.053502
3000 0.057275
3100 0.059776
3200 0.065548
3300 0.068906
3400 0.072229
3500 0.079176
3600 0.080793
3700 0.081451
3800 0.086301
3900 0.094223
4000 0.099745
4100 0.105722
4200 0.109758
4300 0.112446
4400 0.117602
4500 0.125159
4600 0.130041
4700 0.136895
4800 0.143370
4900 0.147419
5000 0.153942
5100 0.163392
5200 0.162232
5300 0.167645
5400 0.178143
5500 0.179164
5600 0.188778
5700 0.192716
5800 0.206184
5900 0.206918
6000 0.220566
6100 0.224665
6200 0.233475
6300 0.244371
6400 0.254573
6500 0.259516
6600 0.267521
6700 0.278351
6800 0.286796
6900 0.288254
7000 0.291828
7100 0.300431
7200 0.305917
7300 0.326905
7400 0.328785
7500 0.342711
7600 0.359287
7700 0.363910
7800 0.361707
7900 0.383809
8000 0.375941
8100 0.402367
8200 0.394801
8300 0.436411
8400 0.445332
8500 0.426031
8600 0.454380
8700 0.469696
8800 0.466261
8900 0.463197
9000 0.478568
9100 0.504301
9200 0.521722
9300 0.510427
9400 0.517189
9500 0.536614
9600 0.562834
9700 0.579584
9800 0.584497
9900 0.574517
10000 0.583383
10100 0.601667
10200 0.611109
10300 0.647298
10400 0.646253
10500 0.654884
10600 0.693575
10700 0.702450
10800 0.707121
10900 0.693976
11000 0.713743
11100 0.749928
11200 0.771895
11300 0.763286
11400 0.782380
11500 0.771565
11600 0.782789
11700 0.811580
11800 0.818320
11900 0.845420
12000 0.859287
12100 0.853948
12200 0.865995
12300 0.913010
12400 0.894008
12500 0.936881
12600 0.964673
12700 0.944008
12800 0.994824
12900 0.971904
13000 1.022453
13100 1.004422
13200 1.069480
13300 1.027127
13400 1.043324
13500 1.108738
13600 1.131572
13700 1.098435
13800 1.116889
13900 1.125262
14000 1.176205
14100 1.210619
14200 1.218531
14300 1.254438
14400 1.258308
14500 1.278858
14600 1.296072
14700 1.269963
14800 1.291957
14900 1.325565
15000 1.370321
15100 1.398801
15200 1.380969
15300 1.427587
15400 1.395842
15500 1.459386
15600 1.485230
15700 1.449510
15800 1.481498
15900 1.484803
16000 1.528478
16100 1.560500
16200 1.601471
16300 1.625650
16400 1.636953
16500 1.646906
16600 1.669488
16700 1.801089
16800 1.930029
16900 1.734535
17000 1.830645
17100 1.764559
17200 1.801463
17300 1.908558
17400 1.865201
17500 1.848596
17600 1.882306
17700 1.880635
17800 1.948489
17900 1.940704
18000 2.030825
18100 1.960424
18200 1.988989
18300 2.048775
18400 2.051058
18500 2.020765
18600 2.082235
18700 2.219345
18800 2.111245
18900 2.192096
19000 2.175594
19100 2.183841
19200 2.219771
19300 2.263724
19400 2.408727
19500 2.330935
19600 2.287475
19700 2.374724
19800 2.314625
19900 2.349782
20000 2.382299
20100 2.467937
20200 2.453714
20300 2.511635
20400 2.465793
20500 2.515821
20600 2.590393
20700 2.559159
20800 2.639152
20900 2.553051
21000 2.689610
21100 2.659704
21200 2.676033
21300 2.774108
21400 2.749573
21500 2.687715
21600 2.827589
21700 2.866801
21800 2.900900
21900 2.816914
22000 2.952781
22100 2.993431
22200 2.949023
22300 2.923212
22400 2.970560
22500 3.033190
22600 3.282137
22700 3.113781
22800 3.054268
22900 3.110470
23000 3.172679
23100 3.217687
23200 3.249839
23300 3.252166
23400 3.258998
23500 3.348111
23600 3.331814
23700 3.427031
23800 3.396249
23900 3.310307
24000 3.368436
24100 3.422073
24200 3.397397
24300 3.491719
24400 3.555211
24500 3.575364
24600 3.668535
24700 3.596118
24800 3.685294
24900 3.599724
25000 3.801838
25100 3.802877
25200 3.830410
25300 3.909386
25400 3.780860
25500 3.825489
25600 3.927469
25700 3.947990
25800 3.959635
25900 4.080708
26000 4.078141
26100 4.098944
26200 4.097699
26300 4.088366
26400 4.184873
26500 4.166063
26600 4.209176
26700 4.257848
26800 4.308371
26900 4.409162
27000 4.323015
27100 4.428335
27200 4.419999
27300 4.440030
27400 4.509843
27500 4.551847
27600 4.587201
27700 4.594482
27800 4.568397
27900 4.702286
28000 4.652034
28100 4.713257
28200 4.709057
28300 4.830175
28400 4.892502
28500 4.912509
28600 4.828036
28700 4.845379
28800 5.036637
28900 4.941488
29000 5.075876
29100 4.926104
29200 5.146157
29300 5.106625
29400 5.264095
29500 5.062586
29600 5.070254
29700 5.144321
29800 5.353234
29900 5.286577
30000 5.278233
30100 5.363143
30200 5.447107
30300 5.442465
30400 5.525872
30500 5.601735
30600 5.592073
30700 5.638990
30800 5.793274
30900 5.702429
31000 5.987964
31100 5.733669
31200 5.911964
31300 5.660312
31400 5.939334
31500 5.854708
31600 5.937381
31700 5.889226
31800 6.069243
31900 6.098396
32000 6.035608
32100 6.254157
32200 6.095818
32300 6.210841
32400 6.133752
32500 6.229345
32600 6.349112
32700 6.513270
32800 6.363792
32900 6.500956
33000 6.470110
33100 6.500577
33200 6.665741
33300 6.577553
33400 6.681017
33500 6.691977
33600 6.807717
33700 6.911160
33800 6.940937
33900 7.019378
34000 7.054022
34100 7.072134
34200 7.113073
34300 7.142702
34400 7.280412
34500 7.373826
34600 7.328246
34700 7.335033
34800 7.423111
34900 7.465036
35000 7.496600
35100 7.544456
35200 7.625779
35300 7.670253
35400 7.659045
35500 7.758448
35600 7.779301
35700 7.816322
35800 7.806792
35900 7.881475
36000 7.962566
36100 7.933748
36200 8.269732
36300 8.272962
36400 8.085747
36500 8.119829
36600 8.187389
36700 8.260644
36800 8.220542
36900 8.338126
37000 8.358230
37100 8.364377
37200 8.510319
37300 8.486290
37400 8.523140
37500 8.621562
37600 8.652636
37700 8.702958
37800 8.873314
37900 8.814717
38000 8.877185
38100 8.916512
38200 8.945484
38300 8.910578
38400 8.957343
38500 8.912540
38600 8.973678
38700 9.174277
38800 9.062831
38900 9.159955
39000 9.308603
39100 9.323700
39200 9.254346
39300 9.764401
39400 9.617599
39500 9.486109
39600 9.553080
39700 9.718936
39800 9.782650
39900 9.692139
40000 9.878789
40100 9.960596
40200 9.862378
40300 10.011491
40400 9.947491
40500 10.107744
40600 9.996239
40700 10.224163
40800 10.063354
40900 10.307983
41000 10.298982
41100 10.559257
41200 10.257577
41300 10.252543
41400 10.461997
41500 10.588881
41600 10.572637
41700 10.590940
41800 10.792656
41900 10.780317
42000 10.690223
42100 10.800276
42200 10.900645
42300 10.928429
42400 11.111661
42500 11.041431
42600 11.122158
42700 11.112659
42800 11.267815
42900 11.253496
43000 11.201148
43100 11.375993
43200 11.539310
43300 11.512639
43400 11.414885
43500 11.668961
43600 11.855331
43700 11.680594
43800 11.732349
43900 11.931392
44000 11.867710
44100 11.885430
44200 12.125785
44300 12.196093
44400 12.278455
44500 11.914447
44600 11.824335
44700 12.109402
44800 12.316137
44900 12.090001
45000 12.128994
45100 12.422375
45200 12.344586
45300 12.427115
45400 12.427883
45500 12.509751
45600 12.518336
45700 12.423551
45800 12.529242
45900 12.533920
46000 12.729964
46100 12.709688
46200 12.793533
46300 12.895993
46400 12.836175
46500 12.951615
46600 13.039447
46700 12.879018
46800 13.081299
46900 13.502461
47000 13.281485
47100 13.450276
47200 13.497063
47300 13.410146
47400 13.580161
47500 13.605668
47600 13.729028
47700 13.519727
47800 13.565924
47900 13.873420
48000 14.047461
48100 13.828753
48200 13.749101
48300 14.086338
48400 13.919800
48500 14.169694
48600 14.269717
48700 13.917259
48800 14.181799
48900 14.279523
49000 14.387152
49100 14.620860
49200 14.711793
49300 14.856658
49400 15.058990
49500 15.049437
49600 15.068702
49700 15.162194
49800 15.229546
49900 15.206835
50000 15.447597
50100 15.527784
50200 15.457749
50300 15.659348
50400 15.598570
50500 15.535340
50600 15.709617
50700 15.732381
50800 15.859789
50900 15.913351
51000 15.944401
51100 16.145005
51200 16.147835
51300 16.204657
51400 16.261703
51500 16.240927
51600 16.213854
51700 16.456439
51800 16.457985
51900 16.470932
52000 16.516363
52100 16.545382
52200 16.542932
52300 16.603228
52400 16.657415
52500 16.714729
52600 16.817157
52700 16.729656
52800 16.906215
52900 16.858664
53000 17.103213
53100 17.308311
53200 17.222168
53300 17.307142
53400 17.284019
53500 17.456738
53600 17.527637
53700 17.487608
53800 17.542025
53900 17.772207
54000 17.766055
54100 17.754100
54200 17.824983
54300 17.998322
54400 17.935772
54500 18.037718
54600 18.130526
54700 18.217205
54800 18.446597
54900 18.535704
55000 18.517450
55100 18.558854
55200 18.743439
55300 18.652595
55400 18.928190
55500 19.034875
55600 18.820671
55700 19.085904
55800 19.059300
55900 19.208056
56000 19.090375
56100 19.262409
56200 19.393442
56300 19.455737
56400 19.709544
56500 19.481995
56600 19.618203
56700 19.708701
56800 19.944055
56900 19.862311
57000 19.965207
57100 19.938313
57200 19.848710
57300 20.001981
57400 19.991419
57500 20.182733
57600 20.209258
57700 20.071759
57800 20.338386
57900 20.165486
58000 20.401613
58100 20.394717
58200 20.378010
58300 20.483785
58400 20.665528
58500 20.802576
58600 20.733412
58700 20.922249
58800 21.199759
58900 20.919419
59000 20.995775
59100 21.034711
59200 21.096518
59300 21.334892
59400 21.355234
59500 21.430356
59600 21.564896
59700 21.580294
59800 21.656420
59900 21.770686
60000 21.896038
60100 22.090306
60200 21.935777
60300 22.280759
60400 22.380802
60500 21.995512
60600 22.260586
60700 22.387510
60800 22.720772
60900 22.444521
61000 22.708835
61100 22.892344
61200 22.944058
61300 22.917549
61400 22.814502
61500 23.001309
61600 23.108783
61700 23.200553
61800 23.159858
61900 23.359678
62000 23.626937
62100 23.540993
62200 23.575076
62300 23.543689
62400 23.419624
62500 23.559193
62600 23.638909
62700 23.921003
62800 23.770943
62900 23.989551
63000 24.093437
63100 24.174032
63200 24.223103
63300 24.281159
63400 24.549171
63500 24.419100
63600 24.560184
63700 24.789631
63800 24.771000
63900 24.800649
64000 24.515103
64100 24.317680
64200 24.193245
64300 24.626963
64400 24.796603
64500 25.139730
64600 25.365556
64700 24.755460
64800 25.047646
64900 25.347123
65000 25.335353
65100 25.536564
65200 25.745179
65300 25.438595
65400 25.799869
65500 25.625747
65600 25.594531
65700 25.734056
65800 25.819912
65900 26.399983
66000 26.394350
66100 26.522111
66200 26.160688
66300 26.875025
66400 26.923766
66500 27.029501
66600 27.047924
66700 27.235091
66800 27.282116
66900 27.127477
67000 27.471724
67100 27.514747
67200 27.546829
67300 27.830133
67400 27.885612
67500 27.823942
67600 27.840716
67700 27.901132
67800 28.202074
67900 28.110403
68000 28.969060
68100 28.966419
68200 28.919267
68300 29.042707
68400 29.227529
68500 29.271790
68600 29.225295
68700 29.429481
68800 29.419151
68900 29.474217
69000 29.795376
69100 29.666125
69200 29.737714
69300 29.869735
69400 29.920774
69500 30.216600
69600 30.254255
69700 30.080888
69800 30.384353
69900 30.546805
70000 30.309276
70100 30.589035
70200 30.652561
70300 30.670353
70400 30.906889
70500 31.025397
70600 30.904207
70700 31.088301
70800 31.103123
70900 31.267509
71000 31.459262
71100 31.351598
71200 31.636843
71300 32.441833
71400 33.861157
71500 33.921840
71600 31.607061
71700 31.484823
71800 31.755432
71900 31.785912
72000 31.541429
72100 31.820474
72200 32.106675
72300 32.246129
72400 32.348738
72500 32.142112
72600 32.466787
72700 32.469232
72800 32.573787
72900 32.866432
73000 33.240530
73100 33.244344
73200 33.519986
73300 33.377113
73400 33.535477
73500 33.586063
73600 33.516718
73700 33.529407
73800 33.410915
73900 33.800550
74000 33.968606
74100 33.722146
74200 33.801698
74300 34.019120
74400 34.106132
74500 34.042422
74600 33.639021
74700 33.826599
74800 33.945081
74900 33.839421
75000 34.059517
75100 34.242767
75200 34.212071
75300 34.634417
75400 34.569857
75500 34.820429
75600 34.589487
75700 34.549579
75800 35.188868
75900 35.075845
76000 35.165205
76100 35.112069
76200 34.837393
76300 35.204761
76400 35.289977
76500 35.486335
76600 35.527042
76700 35.616523
76800 35.687327
76900 35.901504
77000 36.279119
77100 36.526141
77200 36.643628
77300 36.482330
77400 37.035103
77500 36.679415
77600 36.871387
77700 36.892825
77800 37.084655
77900 36.870283
78000 37.215044
78100 37.460810
78200 37.211217
78300 37.407774
78400 37.506307
78500 37.665952
78600 37.949538
78700 37.640488
78800 37.945627
78900 38.112640
79000 38.243615
79100 38.409215
79200 38.341502
79300 38.397885
79400 38.365623
79500 38.378398
79600 38.756427
79700 38.982154
79800 38.911345
79900 38.897756
80000 39.140113
80100 38.965196
80200 38.962497
80300 39.283274
80400 39.241231
80500 39.403202
80600 39.319422
80700 39.690548
80800 40.029613
80900 39.959545
81000 39.983295
81100 39.850219
81200 40.454649
81300 40.450587
81400 40.205866
81500 40.164901
81600 40.584471
81700 41.544902
81800 41.286771
81900 41.728302
82000 41.893432
82100 41.949456
82200 42.137005
82300 42.077523
82400 42.333466
82500 42.507727
82600 42.425847
82700 42.615386
82800 42.051663
82900 42.368005
83000 42.333361
83100 42.287412
83200 42.382920
83300 42.586361
83400 42.554395
83500 42.776527
83600 42.615107
83700 42.882714
83800 42.923128
83900 43.239494
84000 43.099388
84100 43.407305
84200 43.158541
84300 43.167888
84400 43.828513
84500 43.717196
84600 43.835134
84700 44.060281
84800 44.056021
84900 43.811276
85000 44.066326
85100 44.292065
85200 44.568566
85300 44.685331
85400 44.448316
85500 45.078642
85600 44.759173
85700 44.862318
85800 45.055681
85900 45.275313
86000 45.587500
86100 45.681394
86200 45.664986
86300 45.614814
86400 46.007908
86500 46.336567
86600 46.181230
86700 46.151627
86800 46.374008
86900 46.527948
87000 46.213065
87100 45.993041
87200 46.195890
87300 46.542453
87400 46.198235
87500 46.672800
87600 46.735893
87700 46.704007
87800 46.865571
87900 47.072651
88000 47.703345
88100 48.247484
88200 48.109386
88300 48.196327
88400 48.216457
88500 48.378044
88600 48.420263
88700 48.508345
88800 48.274899
88900 48.450443
89000 48.901462
89100 48.804777
89200 48.959523
89300 49.284524
89400 49.486191
89500 48.827551
89600 48.397534
89700 48.752797
89800 48.788678
89900 49.014620
90000 49.168331
90100 49.438364
90200 49.248788
90300 49.678162
90400 50.049392
90500 50.190618
90600 50.502182
90700 50.478250
90800 50.496675
90900 50.901876
91000 50.638010
91100 50.964449
91200 51.284470
91300 51.029995
91400 51.251018
91500 51.202072
91600 50.930303
91700 51.208936
91800 51.255478
91900 51.241926
92000 51.513341
92100 51.844315
92200 51.851263
92300 52.559184
92400 52.685697
92500 53.012602
92600 52.991086
92700 52.963848
92800 53.156624
92900 53.061714
93000 53.026977
93100 54.267124
93200 55.094098
93300 54.037724
93400 54.185115
93500 54.487042
93600 54.755034
93700 54.776239
93800 55.055983
93900 55.013660
94000 54.800622
94100 54.494505
94200 54.626731
94300 54.619795
94400 55.172917
94500 55.019316
94600 55.534897
94700 55.216716
94800 55.503903
94900 55.393160
95000 55.168969
95100 55.626441
95200 55.697731
95300 55.763512
95400 55.596075
95500 56.083783
95600 56.164486
95700 56.324998
95800 56.466144
95900 56.976612
96000 56.476051
96100 56.865703
96200 56.881769
96300 57.084984
96400 57.050841
96500 57.212664
96600 57.453506
96700 57.563410
96800 57.622892
96900 58.029851
97000 58.375337
97100 58.708912
97200 58.771873
97300 58.743227
97400 58.686836
97500 59.044735
97600 58.875433
97700 58.778316
97800 58.701473
97900 59.050048
98000 58.687757
98100 59.406604
98200 59.847850
98300 60.117292
98400 60.045247
98500 60.427668
98600 60.401827
98700 60.537254
98800 59.941891
98900 60.902843
99000 61.343845
99100 61.464642
99200 61.887542
99300 61.879510
99400 61.693944
99500 62.144751
99600 60.739167
99700 61.076974
99800 60.982016
99900 60.704915
100000 60.974476
100100 61.280976
100200 61.310991
100300 61.520346
100400 61.517542
100500 61.393029
100600 61.477834
100700 61.900223
100800 61.867276
100900 61.899644
101000 61.865501
101100 62.650720
101200 62.623251
101300 62.780085
101400 63.295113
101500 62.990570
101600 63.183592
101700 63.110965
101800 63.426741
101900 63.348552
102000 63.458239
102100 63.811147
102200 63.957286
102300 64.446617
102400 64.577464
102500 64.778931
102600 64.994080
102700 64.820949
102800 64.561055
102900 64.845989
103000 64.240345
103100 63.790781
103200 64.217419
103300 64.240221
103400 64.380402
103500 64.301924
103600 64.851390
103700 65.330894
103800 64.494436
103900 66.248791
104000 66.671260
104100 66.877837
104200 66.814442
104300 66.721666
104400 66.884280
104500 66.528208
104600 65.586988
104700 65.930933
104800 65.723241
104900 66.068234
105000 65.926313
105100 65.922629
